v(vout) = 9.185419e-01
v(fb) = 6.123613e-01
v(ng) = 9.760760e-01
v(n1) = 7.006415e-01
v(vtail) = 2.168126e-01
v(nb) = 3.260216e-01
